94 1 2244 40
1 2 20911 40
2 65 20269 40
65 3 20618 40
64 63 16394 40
63 3 17141 40
3 4 19783 40
4 5 19375 40
5 78 29923 40
78 79 32410 40
79 16 30577 40
6 7 9531 40
7 10 7775 40
6 78 1348 30
8 95 7925 30
95 9 7400 30
7 8 18186 30
8 12 6232 30
12 80 6684 30
7 13 12862 40
13 14 19847 40
14 15 13761 35
15 81 15359 35
79 16 23197 30
16 81 15166 30
81 17 17023 30
17 18 14169 35
18 19 21879 35
19 30 21469 35
14 20 37048 45
20 84 36923 45
84 21 18435 45
21 53 18041 45
22 23 9767 35
23 83 9538 40
22 84 2310 30
24 25 10527 40
25 82 10759 40
26 85 10734 30
85 52 11576 30
52 96 12044 30
27 98 19813 30
98 45 18745 30
52 28 11443 35
28 29 11547 35
29 99 13172 35
29 50 7054 30
50 46 7676 30
30 45 17516 30
19 98 3497 30
98 85 5877 30
30 49 15495 30
49 31 24247 35
31 100 22910 35
101 32 4691 30
32 33 4868 30
33 22 4704 30
34 38 7456 35
35 34 13376 30
36 104 12656 30
104 103 13185 30
35 37 18771 30
37 102 19263 30
40 38 41321 40
38 105 41838 45
105 102 24343 45
102 103 26481 45
39 97 25817 45
106 42 12699 35
42 40 12099 35
93 41 16464 35
41 40 18724 35
44 43 18809 40
40 44 12928 40
45 46 7251 35
46 47 7900 30
48 47 4746 35
48 77 4549 35
47 49 6723 35
96 50 13887 35
50 77 12314 35
77 51 18655 40
51 120 21641 40
52 88 19163 35
88 86 19579 35
86 107 18825 35
107 53 22343 35
89 88 10419 30
87 107 8956 35
107 113 8592 35
113 114 8772 35
114 112 9211 35
112 111 9366 35
111 109 13629 30
109 110 13071 30
110 108 13639 30
87 86 3923 40
86 54 9167 40
54 55 9243 40
55 115 8781 40
54 28 5761 30
113 55 3527 30
116 57 11833 35
57 90 12461 35
90 58 11453 35
21 58 3335 30
58 87 7148 30
117 59 17360 30
59 61 16620 30
42 61 5158 35
118 119 9802 35
33 118 2187 30
31 62 7517 35
62 51 6429 40
26 91 5093 35
91 90 4553 35
57 91 5579 30
26 27 5903 35
27 18 6402 30
20 32 5690 30
63 65 3862 30
82 97 11265 40
24 118 11162 35
117 106 12305 35
117 80 10918 35
