94 1 1848 40
1 2 17167 40
2 65 17809 40
65 3 17460 40
64 63 15006 40
63 3 14259 40
3 4 14635 40
4 5 15043 40
5 78 24845 40
78 79 22358 40
79 16 24191 40
6 7 7995 40
7 10 6719 40
6 78 1252 30
8 95 5427 30
95 9 5816 30
7 8 13878 30
8 12 5084 30
12 80 4632 30
7 13 12782 40
13 14 13445 40
14 15 12365 35
15 81 10767 35
79 16 19665 30
16 81 13594 30
81 17 11737 30
17 18 13341 35
18 19 17771 35
19 30 18181 35
14 20 29672 45
20 84 29797 45
84 21 14397 45
21 53 14791 45
22 23 7439 35
23 83 6388 40
22 84 1690 30
24 25 9277 40
25 82 9045 40
26 85 10126 30
85 52 9284 30
52 96 8816 30
27 98 14187 30
98 45 13219 30
52 28 11401 35
28 29 11297 35
29 99 9672 35
29 50 6946 30
50 46 6324 30
30 45 14484 30
19 98 2503 30
98 85 4123 30
30 49 15301 30
49 31 16933 35
31 100 18270 35
101 32 4651 30
32 33 4474 30
33 22 4638 30
34 38 5760 35
35 34 12684 30
36 104 9894 30
104 103 9365 30
35 37 14019 30
37 102 13527 30
40 38 28455 40
38 105 27938 45
105 102 23477 45
102 103 21339 45
39 97 22003 45
106 42 9105 35
42 40 9705 35
93 41 13482 35
41 40 13114 35
44 43 16421 40
40 44 12610 40
45 46 4983 35
46 47 6318 30
48 47 3604 35
48 77 3801 35
47 49 5229 35
96 50 10707 35
50 77 12280 35
77 51 16235 40
51 120 18043 40
52 88 18199 35
88 86 17783 35
86 107 18537 35
107 53 15019 35
89 88 7581 30
87 107 7840 35
107 113 8204 35
113 114 8024 35
114 112 7585 35
112 111 7430 35
111 109 9741 30
109 110 10299 30
110 108 9731 30
87 86 3201 40
86 54 7017 40
54 55 6941 40
55 115 7403 40
54 28 4239 30
113 55 2473 30
116 57 9775 35
57 90 9147 35
90 58 10155 35
21 58 2665 30
58 87 4852 30
117 59 12858 30
59 61 13952 30
42 61 4842 35
118 119 7774 35
33 118 1813 30
31 62 6483 35
62 51 5571 40
26 91 4907 35
91 90 3447 35
57 91 4421 30
26 27 4097 35
27 18 4598 30
20 32 4310 30
63 65 3138 30
82 97 8539 40
24 118 8642 35
117 106 9499 35
117 80 10886 35
