-4.359169,36.7210675,-4.3662715,36.722237,646.252625924,6.3778597738
-4.3662715,36.722237,-4.3737602,36.7224434,667.8433276864,50.82918082
-4.3737602,36.7224434,-4.3798596,36.7219447,546.4460436722,41.5881463752
-4.3798596,36.7219447,-4.3853259,36.7214975,489.7324918333,37.2719268135
-4.3798327,36.7214459,-4.3732882,36.7215491,584.1257155923,40.0771893915
-4.3732882,36.7215491,-4.366293,36.7199323,647.8976560899,44.5595814654
-4.3798327,36.7214459,-4.3853259,36.7214975,489.6341541006,33.6351455008
-4.3853259,36.7214975,-4.392643,36.7229594,672.109551652,56.7640669682
-4.392643,36.7229594,-4.4016981,36.7210331,835.0018281386,70.5193290563
-4.4016981,36.7210331,-4.4066763,36.7196743,468.7254575666,55.5425746858
-4.4066763,36.7196743,-4.4119119,36.7197087,466.6675322785,55.3235134985
-4.4119119,36.7197087,-4.4204307,36.7168707,822.2653514169,97.4181088805
-4.4073522,36.7210138,-4.4118878,36.7210159,404.2535801302,14.7459539832
-4.4118878,36.7210159,-4.4134998,36.7213943,149.70999,4.5367674532
-4.4073522,36.7210138,-4.4066763,36.7196743,160.6673283909,0.8341353031
-4.4170189,36.7226498,-4.4154954,36.7246449,260.1006164006,7.1844183865
-4.4154954,36.7246449,-4.4139504,36.7268463,280.8551205005,7.6584267269
-4.4134998,36.7213943,-4.4170189,36.7226498,343.3158843963,17.5164965266
-4.4170189,36.7226498,-4.4207525,36.7243698,383.8080557441,7.895511906
-4.4207525,36.7243698,-4.4252372,36.7213169,524.4080362735,10.7799347305
-4.4118878,36.7210159,-4.4210744,36.7181177,879.9439043026,45.9156109421
-4.4210744,36.7181177,-4.4251513,36.7171287,379.6620052128,26.9463120315
-4.4251513,36.7171287,-4.4245398,36.7147894,265.7676182871,13.9511402552
-4.4245398,36.7147894,-4.4239283,36.7133101,173.2865384185,9.098701382
-4.4204307,36.7168707,-4.4239283,36.7133101,503.93302299,47.4193514241
-4.4239283,36.7133101,-4.4260204,36.7111857,300.9632390108,19.3264248912
-4.4260204,36.7111857,-4.4277692,36.7096806,228.715925034,13.7317504672
-4.4277692,36.7096806,-4.430666,36.7063777,449.3571538756,26.93949003
-4.430666,36.7063777,-4.4331872,36.7029973,437.496343658,26.2713235926
-4.4331872,36.7029973,-4.436084,36.7003479,391.7705238085,32.5848483728
-4.4251513,36.7171287,-4.4297862,36.7169911,413.408527286,34.4683018604
-4.4297862,36.7169911,-4.4366741,36.7172147,614.4461782073,73.1813419093
-4.4366741,36.7172147,-4.4431221,36.7160881,588.2305093848,70.0459726629
-4.4431221,36.7160881,-4.4481754,36.7151678,461.9054316608,28.3458389001
-4.4368618,36.718208,-4.4447422,36.7187111,704.6198029415,27.6083961363
-4.4447422,36.7187111,-4.4490123,36.7190207,382.1541807899,15.4713043042
-4.4368618,36.718208,-4.4366741,36.7172147,111.7098280629,0.8918007895
-4.4402468,36.7215491,-4.4454718,36.7218415,466.8285359951,19.9521199116
-4.4454718,36.7218415,-4.4487333,36.7225466,301.0775095263,12.8644975565
-4.4306446,36.7115556,-4.4377363,36.7060508,879.9550282294,33.1313819094
-4.4377363,36.7060508,-4.4406438,36.7037542,363.8640171334,13.6994240049
-4.4406438,36.7037542,-4.4449353,36.7004425,531.0178190269,19.9937613203
-4.4299471,36.7111255,-4.4367277,36.7050831,903.7631574631,48.564382217
-4.4367277,36.7050831,-4.4388306,36.7017328,417.0482218925,22.3866303204
-4.4406438,36.7037542,-4.4457614,36.7026704,471.8806001021,20.9191848866
-4.4457614,36.7026704,-4.4524348,36.7000296,663.4658839583,29.3959422315
-4.4524348,36.7000296,-4.4589901,36.6963736,711.9246116748,31.525326104
-4.4524348,36.7000296,-4.4483042,36.697922,436.5075093898,12.2329816842
-4.4483042,36.697922,-4.4430256,36.6953929,548.2470261529,15.36608801
-4.436084,36.7003479,-4.4388306,36.7017328,289.2631268722,18.5294770456
-4.4331872,36.7029973,-4.4367277,36.7050831,391.6817663082,4.7030384464
-4.4367277,36.7050831,-4.4377363,36.7060508,140.2245716033,2.8033112205
-4.436084,36.7003479,-4.4404078,36.6942143,783.5059421493,43.6259517083
-4.443208,36.6896375,-4.4464374,36.6842517,664.508142481,59.9550015188
-4.4464374,36.6842517,-4.4485831,36.6803282,476.3880426235,42.9770059732
-4.4262296,36.717806,-4.4295179,36.7180317,294.1672280812,6.3525445706
-4.4295179,36.7180317,-4.4326723,36.719498,325.0120601444,7.0112618017
-4.4326723,36.719498,-4.4368618,36.718208,400.019142007,8.6339251421
-4.4340456,36.7298387,-4.4335091,36.736279,717.7228652954,19.2647046312
-4.4349414,36.7269151,-4.4340456,36.7298387,334.7486517428,17.2059199517
-4.4352633,36.725995,-4.4398284,36.7268463,417.7210615801,17.1591355501
-4.4398284,36.7268463,-4.4452572,36.7287381,527.5730582459,21.661625545
-4.4349414,36.7269151,-4.4386804,36.7275772,341.2623569011,18.7200328315
-4.4386804,36.7275772,-4.4442916,36.729426,540.6791102138,29.6466174871
-4.4246256,36.7374655,-4.4335091,36.736279,802.5328722609,78.6450745795
-4.4335091,36.736279,-4.4404507,36.7323839,755.1445318435,73.9051806438
-4.4404507,36.7323839,-4.4442916,36.729426,474.7009286722,34.2820241317
-4.4442916,36.729426,-4.4452572,36.7287381,115.1353545614,8.3162560669
-4.4490016,36.7270871,-4.4549561,36.7239913,632.5570309266,45.7184741877
-4.4253337,36.7298215,-4.4251084,36.7329858,352.4265032653,16.7036759859
-4.4251084,36.7329858,-4.4246256,36.7374655,499.9744702912,23.6973284188
-4.4173085,36.7390905,-4.420731,36.7373108,363.5547969182,22.7230906642
-4.420731,36.7373108,-4.4246256,36.7374655,347.4738655067,22.8771803192
-4.4230056,36.7432775,-4.4240463,36.7495446,703.0117364242,50.1586695932
-4.4246256,36.7374655,-4.4230056,36.7432775,662.1903120351,34.1339759951
-4.4388306,36.7017328,-4.4430256,36.6953929,798.0321532393,19.367957134
-4.4430256,36.6953929,-4.4470274,36.6908162,621.5268826056,16.6129920527
-4.4499779,36.6918657,-4.4470274,36.6908162,287.7985719727,4.5392410229
-4.4499779,36.6918657,-4.4539475,36.6932852,387.5378231659,6.1123248134
-4.4470274,36.6908162,-4.443208,36.6896375,364.9059540389,8.7363782991
-4.4449353,36.7004425,-4.4483042,36.697922,410.8050978166,18.1596662921
-4.4483042,36.697922,-4.4539475,36.6932852,720.4093401041,31.8393341535
-4.4539475,36.6932852,-4.4571555,36.6909452,386.6744437116,22.8397948659
-4.4571555,36.6909452,-4.4610286,36.6883642,448.7415915808,25.5078711508
-4.4406438,36.7037542,-4.4441199,36.7087172,632.910829924,40.2380110437
-4.4441199,36.7087172,-4.444871,36.7097493,132.8676830791,8.4477397117
-4.444871,36.7097493,-4.4458151,36.7113835,200.2569406705,11.7482420397
-4.4458151,36.7113835,-4.4481754,36.7151678,470.4607894177,29.9049893649
-4.4385409,36.7109191,-4.4441199,36.7087172,554.3257492144,19.9813057999
-4.4411373,36.712149,-4.4458151,36.7113835,425.5771336921,13.2186389583
-4.4458151,36.7113835,-4.4554281,36.7095945,879.701502544,27.3227136478
-4.4554281,36.7095945,-4.4653845,36.7067217,943.2878243496,29.2897073144
-4.4653845,36.7067217,-4.4715858,36.7069282,553.2944505265,17.1885532971
-4.4715858,36.7069282,-4.4821644,36.7083904,956.9375782733,29.7246637768
-4.4821644,36.7083904,-4.492979,36.7079947,965.0589786327,45.1157928279
-4.492979,36.7079947,-4.5020771,36.7069626,1073.0823358808,38.2907934479
-4.5020771,36.7069626,-4.5114863,36.7063518,1248.250743924,39.3405867157
-4.4411373,36.712149,-4.444871,36.7097493,426.5827302484,6.0805962422
-4.444871,36.7097493,-4.4489694,36.7071862,463.3624921968,14.3481261622
-4.4489694,36.7071862,-4.4543123,36.7045112,561.5490828125,17.3958532866
-4.4543123,36.7045112,-4.4595131,36.7021478,532.9475377764,16.5125119103
-4.4489694,36.7071862,-4.4457614,36.7026704,577.863681798,11.5441324697
-4.4554281,36.7095945,-4.4543123,36.7045112,573.9224558996,6.872848606
-4.4263744,36.7157613,-4.4297433,36.7159935,301.3947547189,11.537323631
-4.4297433,36.7159935,-4.436481,36.7159075,600.6402150538,22.9931064938
-4.436481,36.7159075,-4.4426501,36.7147464,564.8398897665,21.6178352142
-4.4431221,36.7160881,-4.4426501,36.7147464,155.0089516973,1.85661406
-4.4426501,36.7147464,-4.4411373,36.712149,318.74684532,7.6390399221
-4.4256556,36.7267431,-4.4268411,36.726799,105.8371996512,5.8598154105
-4.4268411,36.726799,-4.4265997,36.7329773,687.3323763671,41.1837136594
-4.4251084,36.7329858,-4.4265997,36.7329773,132.9007340842,2.663649805
-4.4326401,36.7214459,-4.4322807,36.7237549,258.739562882,8.6492920057
-4.4326723,36.719498,-4.4326401,36.7214459,216.6156108146,1.7291153779
-4.4464374,36.6842517,-4.4528103,36.6869533,642.787490896,18.0193171672
-4.4528103,36.6869533,-4.4571555,36.6909452,589.1877417143,14.1359003434
-4.4306446,36.7115556,-4.4321787,36.7140412,308.3652728247,6.1589836091
-4.4321787,36.7140412,-4.436481,36.7159075,436.0393491934,6.9846149101
-4.4297433,36.7159935,-4.4321787,36.7140412,307.0028404592,6.1398263702
-4.4306446,36.7115556,-4.4299471,36.7111255,78.4410214471,1.569630147
-4.4299471,36.7111255,-4.4277692,36.7096806,252.0001938443,5.5460305684
-4.4297862,36.7169911,-4.4295179,36.7180317,118.1548700255,2.3583168058
-4.3798327,36.7214459,-4.3798596,36.7219447,55.5158247671,0.775507492
-4.4487333,36.7225466,-4.4549561,36.7239913,577.4121916189,24.6707953821
-4.4402468,36.7215491,-4.4326401,36.7214459,678.0704462074,28.9810557295
-4.4256556,36.7267431,-4.4253337,36.7298215,343.5025063864,16.2809688525
-4.4256556,36.7267431,-4.4252372,36.7213169,604.5171419621,28.6518505277
-4.4430256,36.6953929,-4.4404078,36.6942143,268.5184856922,7.5031391164
-4.4404078,36.6942143,-4.443208,36.6896375,566.740375061,31.5595883808
