1 36.722237 -4.3662715
2 36.7224434 -4.3737602
3 36.7214975 -4.3853259
4 36.7229594 -4.392643
5 36.7210331 -4.4016981
6 36.7210138 -4.4073522
7 36.7210159 -4.4118878
8 36.7226498 -4.4170189
9 36.7268463 -4.4139504
10 36.7213943 -4.4134998
12 36.7243698 -4.4207525
13 36.7181177 -4.4210744
14 36.7171287 -4.4251513
15 36.7147894 -4.4245398
16 36.7168707 -4.4204307
17 36.7111857 -4.4260204
18 36.7096806 -4.4277692
19 36.7029973 -4.4331872
20 36.7169911 -4.4297862
21 36.7160881 -4.4431221
22 36.718208 -4.4368618
23 36.7187111 -4.4447422
24 36.7215491 -4.4402468
25 36.7218415 -4.4454718
26 36.7115556 -4.4306446
27 36.7111255 -4.4299471
28 36.7026704 -4.4457614
29 36.7000296 -4.4524348
30 36.7003479 -4.436084
31 36.6842517 -4.4464374
32 36.7180317 -4.4295179
33 36.719498 -4.4326723
34 36.7298387 -4.4340456
35 36.7269151 -4.4349414
36 36.725995 -4.4352633
37 36.7275772 -4.4386804
38 36.736279 -4.4335091
39 36.7270871 -4.4490016
40 36.7374655 -4.4246256
41 36.7373108 -4.420731
42 36.7329858 -4.4251084
43 36.7495446 -4.4240463
44 36.7432775 -4.4230056
45 36.7017328 -4.4388306
46 36.6953929 -4.4430256
47 36.6908162 -4.4470274
48 36.6918657 -4.4499779
49 36.6896375 -4.443208
50 36.697922 -4.4483042
51 36.6909452 -4.4571555
52 36.7037542 -4.4406438
53 36.71516780000001 -4.4481754
54 36.7071862 -4.4489694
55 36.7045112 -4.4543123
57 36.7159935 -4.4297433
58 36.7147464 -4.4426501
59 36.726799 -4.4268411
60 36.7271172 -4.4245505
61 36.7329773 -4.4265997
62 36.6869533 -4.4528103
63 36.7214459 -4.3798327
64 36.7199323 -4.366293
65 36.7219447 -4.3798596
77 36.6932852 -4.4539475
78 36.7196743 -4.4066763
79 36.7197087 -4.4119119
80 36.7213169 -4.4252372
81 36.7133101 -4.4239283
82 36.7225466 -4.4487333
83 36.7190207 -4.4490123
84 36.7172147 -4.4366741
85 36.7060508 -4.4377363
86 36.7097493 -4.444871
87 36.712149 -4.4411373
88 36.7087172 -4.4441199
89 36.7109191 -4.4385409
90 36.7159075 -4.436481
91 36.7140412 -4.4321787
93 36.7390905 -4.4173085
94 36.7210675 -4.359169
95 36.7246449 -4.4154954
96 36.7004425 -4.4449353
97 36.7239913 -4.4549561
98 36.7050831 -4.4367277
99 36.6963736 -4.4589901
100 36.6803282 -4.4485831
101 36.717806 -4.4262296
102 36.729426 -4.4442916
103 36.7287381 -4.4452572
104 36.7268463 -4.4398284
105 36.7323839 -4.4404507
106 36.7298215 -4.4253337
107 36.7113835 -4.4458151
108 36.7061282 -4.5188248
109 36.7079947 -4.492979
110 36.7062745 -4.5048237
111 36.7083904 -4.4821644
112 36.7069282 -4.4715858
113 36.7095945 -4.4554281
114 36.7067217 -4.4653845
115 36.7021478 -4.4595131
116 36.7157613 -4.4263744
117 36.7267431 -4.4256556
118 36.7214459 -4.4326401
119 36.7237549 -4.4322807