0 -34.906135051768 -56.1936092376709 -34.9055015488511 -56.18511199951172 5
1 -34.903389837163694 -56.17936134338379 -34.9055015488511 -56.18511199951172 5
2 -34.901770821427974 -56.17489814758301 -34.903389837163694 -56.17936134338379 5
3 -34.899659013806016 -56.169705390930176 -34.901770821427974 -56.17489814758301 5
4 -34.897828736610464 -56.16442680358887 -34.899659013806016 -56.169705390930176 5
5 -34.906135051768 -56.1936092376709 -34.90419933306227 -56.19373798370361 4
6 -34.89916625088092 -56.191205978393555 -34.90419933306227 -56.19373798370361 4
7 -34.8913520436709 -56.18657112121582 -34.89916625088092 -56.191205978393555 4
8 -34.8913520436709 -56.18657112121582 -34.89578722546952 -56.18227958679199 3
9 -34.899940591293 -56.176185607910156 -34.89578722546952 -56.18227958679199 3
10 -34.901770821427974 -56.17489814758301 -34.899940591293 -56.176185607910156 3
11 -34.90419933306227 -56.19373798370361 -34.9035306196323 -56.18528366088867 3
12 -34.901700428715436 -56.18064880371094 -34.9035306196323 -56.18528366088867 3
13 -34.899940591293 -56.176185607910156 -34.901700428715436 -56.18064880371094 3
14 -34.9055015488511 -56.18511199951172 -34.9035306196323 -56.18528366088867 2
15 -34.901700428715436 -56.18064880371094 -34.903389837163694 -56.17936134338379 2
16 -34.9055015488511 -56.18511199951172 -34.906135051768 -56.18064880371094 2
17 -34.90694452060488 -56.17605686187744 -34.906135051768 -56.18064880371094 2
18 -34.90757801238917 -56.173224449157715 -34.90694452060488 -56.17605686187744 3
19 -34.90757801238917 -56.173224449157715 -34.90937287923578 -56.16828918457031 4
20 -34.91113251452425 -56.163225173950195 -34.90937287923578 -56.16828918457031 4
21 -34.91211789381226 -56.159749031066895 -34.91113251452425 -56.163225173950195 4
22 -34.91444052676585 -56.15318298339844 -34.91211789381226 -56.159749031066895 4
23 -34.90757801238917 -56.173224449157715 -34.90719087910176 -56.16863250732422 2
24 -34.90719087910176 -56.16863250732422 -34.90690932647356 -56.163740158081055 2
25 -34.91113251452425 -56.163225173950195 -34.90690932647356 -56.163740158081055 5
26 -34.90592388467208 -56.16382598876953 -34.90690932647356 -56.163740158081055 5
27 -34.90254513728377 -56.16408348083496 -34.90592388467208 -56.16382598876953 5
28 -34.897828736610464 -56.16442680358887 -34.90254513728377 -56.16408348083496 5
29 -34.89536483751937 -56.165199279785156 -34.897828736610464 -56.16442680358887 5
30 -34.88818391007524 -56.165714263916016 -34.89536483751937 -56.165199279785156 5
31 -34.885156468282126 -56.1661434173584 -34.88818391007524 -56.165714263916016 5
32 -34.885156468282126 -56.1661434173584 -34.875932644177055 -56.16717338562012 4
33 -34.8702992654236 -56.167945861816406 -34.875932644177055 -56.16717338562012 4
34 -34.899940591293 -56.176185607910156 -34.89723036791177 -56.17090702056885 3
35 -34.89723036791177 -56.17090702056885 -34.89536483751937 -56.165199279785156 3
36 -34.89723036791177 -56.17090702056885 -34.899659013806016 -56.169705390930176 2
37 -34.906135051768 -56.18064880371094 -34.904023356371816 -56.17528438568115 3
38 -34.904023356371816 -56.17528438568115 -34.90328425015386 -56.16910457611084 3
39 -34.90328425015386 -56.16910457611084 -34.90254513728377 -56.16408348083496 3
40 -34.901770821427974 -56.17489814758301 -34.90219317643617 -56.16914749145508 3
41 -34.90254513728377 -56.16408348083496 -34.90219317643617 -56.16914749145508 3
42 -34.904023356371816 -56.17528438568115 -34.901770821427974 -56.17489814758301 2
43 -34.90328425015386 -56.16910457611084 -34.90219317643617 -56.16914749145508 2
44 -34.90328425015386 -56.16910457611084 -34.90719087910176 -56.16863250732422 1
45 -34.90937287923578 -56.16828918457031 -34.90719087910176 -56.16863250732422 1
46 -34.90219317643617 -56.16914749145508 -34.899659013806016 -56.169705390930176 2
47 -34.90254513728377 -56.16408348083496 -34.90286190075692 -56.161208152770996 5
48 -34.90286190075692 -56.161208152770996 -34.903319445838896 -56.15592956542969 5
49 -34.903319445838896 -56.15592956542969 -34.90289709662297 -56.14863395690918 5
50 -34.90289709662297 -56.14863395690918 -34.90198199920359 -56.140737533569336 5
51 -34.90092610489535 -56.13790512084961 -34.90198199920359 -56.140737533569336 5
52 -34.91211789381226 -56.159749031066895 -34.90873940129963 -56.15365505218506 2
53 -34.90873940129963 -56.15365505218506 -34.903319445838896 -56.15592956542969 3
54 -34.90873940129963 -56.15365505218506 -34.91148443705626 -56.15129470825195 3
55 -34.91444052676585 -56.15318298339844 -34.91148443705626 -56.15129470825195 4
56 -34.91148443705626 -56.15129470825195 -34.90740204293935 -56.14434242248535 4
57 -34.90740204293935 -56.14434242248535 -34.90585349551942 -56.136531829833984 4
58 -34.90585349551942 -56.136531829833984 -34.90092610489535 -56.13790512084961 4
59 -34.89571682762866 -56.14296913146973 -34.90092610489535 -56.13790512084961 4
60 -34.89571682762866 -56.14296913146973 -34.88916956472911 -56.147775650024414 3
61 -34.897828736610464 -56.16442680358887 -34.89585762325005 -56.15936279296875 2
62 -34.89585762325005 -56.15936279296875 -34.89803992452221 -56.157732009887695 3
63 -34.89803992452221 -56.157732009887695 -34.898603089632225 -56.15335464477539 3
64 -34.898603089632225 -56.15335464477539 -34.896350406024524 -56.15086555480957 3
65 -34.896350406024524 -56.15086555480957 -34.8913520436709 -56.1551570892334 3
66 -34.89585762325005 -56.15936279296875 -34.892478461732 -56.15884780883789 3
67 -34.90286190075692 -56.161208152770996 -34.89803992452221 -56.157732009887695 3
68 -34.90286190075692 -56.161208152770996 -34.90592388467208 -56.16382598876953 4
69 -34.903319445838896 -56.15592956542969 -34.89803992452221 -56.157732009887695 2
70 -34.89571682762866 -56.14296913146973 -34.896350406024524 -56.15086555480957 2
71 -34.90198199920359 -56.140737533569336 -34.90419933306227 -56.144514083862305 2
72 -34.90680374398909 -56.14957809448242 -34.90419933306227 -56.144514083862305 2
73 -34.90873940129963 -56.15365505218506 -34.90680374398909 -56.14957809448242 2
74 -34.89536483751937 -56.165199279785156 -34.892478461732 -56.15884780883789 5
75 -34.8913520436709 -56.1551570892334 -34.892478461732 -56.15884780883789 5
76 -34.88916956472911 -56.147775650024414 -34.8913520436709 -56.1551570892334 5
77 -34.88663500030195 -56.13893508911133 -34.88916956472911 -56.147775650024414 5
78 -34.88663500030195 -56.13893508911133 -34.887268648738186 -56.110267639160156 4
79 -34.887268648738186 -56.110267639160156 -34.88564931524457 -56.099281311035156 4
80 -34.88564931524457 -56.099281311035156 -34.883396276430155 -56.0837459564209 4
81 -34.90092610489535 -56.13790512084961 -34.89360486434905 -56.1331844329834 2
82 -34.89177445225364 -56.13189697265625 -34.89360486434905 -56.1331844329834 2
83 -34.89571682762866 -56.14296913146973 -34.89360486434905 -56.1331844329834 2
84 -34.89318246517753 -56.12932205200195 -34.89360486434905 -56.1331844329834 2
85 -34.89318246517753 -56.12932205200195 -34.89177445225364 -56.13189697265625 3
86 -34.88663500030195 -56.13893508911133 -34.89177445225364 -56.13189697265625 3
87 -34.8913520436709 -56.18657112121582 -34.88931037157159 -56.17936134338379 2
88 -34.88931037157159 -56.17936134338379 -34.88888795032023 -56.171464920043945 1
89 -34.88818391007524 -56.165714263916016 -34.88888795032023 -56.171464920043945 1
90 -34.8913520436709 -56.18657112121582 -34.884522803558596 -56.18365287780762 4
91 -34.884522803558596 -56.18365287780762 -34.87931248614159 -56.18090629577637 4
92 -34.87628471753238 -56.17927551269531 -34.87931248614159 -56.18090629577637 4
93 -34.87015842600913 -56.17481231689453 -34.87628471753238 -56.17927551269531 4
94 -34.87628471753238 -56.17927551269531 -34.8795237216501 -56.173095703125 3
95 -34.885156468282126 -56.1661434173584 -34.8795237216501 -56.173095703125 3
96 -34.872552663245514 -56.20227813720703 -34.87156680929775 -56.19060516357422 3
97 -34.87156680929775 -56.19060516357422 -34.87093303980329 -56.182193756103516 4
98 -34.87093303980329 -56.182193756103516 -34.87015842600913 -56.17481231689453 4
99 -34.87015842600913 -56.17481231689453 -34.8702992654236 -56.167945861816406 5
100 -34.87015842600913 -56.17481231689453 -34.86297529599111 -56.168975830078125 5
101 -34.86297529599111 -56.168975830078125 -34.86811622738973 -56.16253852844238 5
102 -34.8702992654236 -56.167945861816406 -34.86811622738973 -56.16253852844238 4
103 -34.86811622738973 -56.16253852844238 -34.87600305896875 -56.15232467651367 4
104 -34.87600305896875 -56.15232467651367 -34.87945330987425 -56.14743232727051 4
105 -34.87945330987425 -56.14743232727051 -34.88283300707507 -56.143226623535156 4
106 -34.88663500030195 -56.13893508911133 -34.88283300707507 -56.143226623535156 4
107 -34.87945330987425 -56.14743232727051 -34.88184727641426 -56.152238845825195 5
108 -34.88184727641426 -56.152238845825195 -34.889521581382866 -56.160221099853516 5
109 -34.889521581382866 -56.160221099853516 -34.89536483751937 -56.165199279785156 5
110 -34.8913520436709 -56.1551570892334 -34.889521581382866 -56.160221099853516 3
111 -34.892478461732 -56.15884780883789 -34.889521581382866 -56.160221099853516 1
112 -34.889521581382866 -56.160221099853516 -34.885156468282126 -56.1661434173584 3
113 -34.88916956472911 -56.147775650024414 -34.88184727641426 -56.152238845825195 3
114 -34.88184727641426 -56.152238845825195 -34.87600305896875 -56.15232467651367 2
115 -34.8702992654236 -56.167945861816406 -34.872517454379505 -56.162238121032715 3
116 -34.87712968743294 -56.156959533691406 -34.872517454379505 -56.162238121032715 3
117 -34.88184727641426 -56.152238845825195 -34.87712968743294 -56.156959533691406 3
118 -34.86297529599111 -56.168975830078125 -34.85776361287335 -56.17609977722168 3